date,decimal_year,Julian_Day,Year,GHIsat,GHIg
2010-01-01,2010,1,2010,4.11176660142987,3.34543333333333
2010-01-03,2010.00547945205,3,2010,4.2252415503797,3.6297
2010-01-07,2010.01643835616,7,2010,4.40045372246063,3.76810833333333
2010-01-08,2010.01917808219,8,2010,4.20291659303555,3.74335
2010-01-09,2010.02191780822,9,2010,4.3160856972966,3.85470833333333
2010-01-10,2010.02465753425,10,2010,4.48223507591089,3.90931666666667
2010-01-15,2010.03835616438,15,2010,4.31226971953722,3.78545
2010-01-16,2010.04109589041,16,2010,4.56889268034829,3.95071666666667
2010-01-23,2010.0602739726,23,2010,4.82810081311136,3.81064166666667
2010-01-28,2010.07397260274,28,2010,5.01788565979551,4.26433333333333
2010-02-01,2010.08493150685,32,2010,5.10441588696422,4.44913333333333
2010-02-09,2010.10684931507,40,2010,5.02864690140006,4.55685
2010-02-10,2010.1095890411,41,2010,5.26313796714196,4.6204
2010-02-11,2010.11232876712,42,2010,5.55769004326494,4.71535
2010-02-16,2010.12602739726,47,2010,5.09584885578418,4.71423333333333
2010-02-20,2010.13698630137,51,2010,5.8879951742943,5.07198333333333
2010-03-04,2010.1698630137,63,2010,5.98791968016198,5.36841666666667
2010-03-06,2010.17534246575,65,2010,6.18715706166846,5.59535
2010-03-07,2010.17808219178,66,2010,6.61487466418538,5.966
2010-03-08,2010.18082191781,67,2010,6.6740384233451,5.9018
2010-03-12,2010.19178082192,71,2010,6.32619348420448,5.85080833333333
2010-03-13,2010.19452054795,72,2010,6.48510354515544,5.89393333333333
2010-03-15,2010.2,74,2010,5.07247232055647,5.11003333333333
2010-03-20,2010.21369863014,79,2010,7.22307157252704,6.58388333333333
2010-03-21,2010.21643835616,80,2010,7.3764079805672,6.66041666666667
2010-03-22,2010.21917808219,81,2010,7.30857177357583,6.59795
2010-03-24,2010.22465753425,83,2010,7.28765443475587,6.28471666666667
2010-03-28,2010.23561643836,87,2010,7.82339477587964,6.6632
2010-03-30,2010.24109589041,89,2010,7.83151007937408,6.57971666666667
2010-03-31,2010.24383561644,90,2010,8.01505183822001,7.11636666666667
2010-04-01,2010.24657534247,91,2010,7.19499362525917,6.58036666666667
2010-04-02,2010.24931506849,92,2010,7.31240053314272,6.60941666666667
2010-04-04,2010.25479452055,94,2010,7.47297965935945,6.43191666666667
2010-04-05,2010.25753424658,95,2010,7.86497506110253,7.14858333333333
2010-04-06,2010.2602739726,96,2010,7.96607356207098,6.6575
2010-04-07,2010.26301369863,97,2010,7.66497458578993,6.89323333333333
2010-04-09,2010.26849315068,99,2010,7.91066916179391,7.12878333333333
2010-04-10,2010.27123287671,100,2010,7.40250985205553,6.6987
2010-04-12,2010.27671232877,102,2010,8.01618955374508,7.14276666666667
2010-04-13,2010.27945205479,103,2010,8.36353546752958,7.28695
2010-04-14,2010.28219178082,104,2010,8.14104102445736,7.40683333333333
2010-04-15,2010.28493150685,105,2010,8.10495378828956,7.36211666666667
2010-04-17,2010.2904109589,107,2010,8.02801433370737,7.108875
2010-04-18,2010.29315068493,108,2010,8.48869989798781,7.50006666666667
2010-04-19,2010.29589041096,109,2010,8.01207252698233,7.15836666666667
2010-04-20,2010.29863013699,110,2010,8.04637849427005,6.02213333333333
2010-04-24,2010.3095890411,114,2010,8.63324052986156,8.016925
2010-04-25,2010.31232876712,115,2010,8.66064023534544,7.631125
2010-04-26,2010.31506849315,116,2010,8.47035752293054,7.58463333333333
2010-04-27,2010.31780821918,117,2010,8.62230622118887,7.66898333333333
2010-05-01,2010.32876712329,121,2010,8.79737196602458,6.78445
2010-05-03,2010.33424657534,123,2010,8.85592983303643,8.0188
2010-05-04,2010.33698630137,124,2010,9.15446566773813,8.1501
2010-05-05,2010.3397260274,125,2010,8.94242763973591,8.14078333333333
2010-05-06,2010.34246575342,126,2010,9.15919234997186,8.18178333333333
2010-05-07,2010.34520547945,127,2010,8.60780019159041,7.89723333333333
2010-05-08,2010.34794520548,128,2010,8.63133658537478,7.55951666666667
2010-05-09,2010.35068493151,129,2010,7.99493032262518,7.31898333333333
2010-05-10,2010.35342465753,130,2010,5.6249917316276,5.72948333333333
2010-05-11,2010.35616438356,131,2010,8.68742961959527,7.78281666666667
2010-05-12,2010.35890410959,132,2010,8.63018561323297,8.328
2010-05-13,2010.36164383562,133,2010,9.22558806081351,8.24311666666667
2010-05-14,2010.36438356164,134,2010,8.72265194439603,8.0437
2010-05-15,2010.36712328767,135,2010,9.03751568352718,8.08975
2010-05-17,2010.37260273973,137,2010,7.91071874257639,6.98458333333333
2010-05-19,2010.37808219178,139,2010,8.5046716547504,8.00968333333333
2010-05-20,2010.38082191781,140,2010,9.24258311431545,7.5213
2010-05-21,2010.38356164384,141,2010,8.7536235293434,8.317625
2010-05-23,2010.38904109589,143,2010,8.8964152482202,7.7377
2010-05-24,2010.39178082192,144,2010,9.17022255529931,8.3391
2010-05-25,2010.39452054795,145,2010,8.95815198371048,8.34113333333333
2010-05-26,2010.39726027397,146,2010,8.8298891989317,8.1989
2010-05-28,2010.40273972603,148,2010,8.28686559122461,7.86785
2010-05-29,2010.40547945205,149,2010,9.06364341060012,8.01145
2010-05-30,2010.40821917808,150,2010,8.94978044997503,8.26823333333333
2010-05-31,2010.41095890411,151,2010,9.23146735665464,8.26171666666667
2010-06-01,2010.41369863014,152,2010,8.95937236484047,7.63568333333333
2010-06-02,2010.41643835616,153,2010,8.72522773603008,7.89200833333333
2010-06-03,2010.41917808219,154,2010,8.07445955285368,7.44031666666667
2010-06-04,2010.42191780822,155,2010,8.52593349814131,7.887475
2010-06-05,2010.42465753425,156,2010,9.16073450259345,7.99859166666667
2010-06-06,2010.42739726027,157,2010,8.46511158034773,7.95286666666667
2010-06-07,2010.4301369863,158,2010,9.14050186462355,8.15846666666667
2010-06-08,2010.43287671233,159,2010,8.71720289342784,7.73723333333333
2010-06-09,2010.43561643836,160,2010,9.30299202204852,8.28753333333333
2010-06-10,2010.43835616438,161,2010,9.40753656528,8.57178333333333
2010-06-11,2010.44109589041,162,2010,8.62719244851644,7.03863333333333
2010-06-12,2010.44383561644,163,2010,8.53834448109014,7.84103333333333
2010-06-13,2010.44657534247,164,2010,8.66076465737378,8.11533333333333
2010-06-14,2010.44931506849,165,2010,9.37507059369923,8.3281
2010-06-15,2010.45205479452,166,2010,9.07830886580043,8.41181666666667
2010-06-16,2010.45479452055,167,2010,9.21682807373943,8.15741666666667
2010-06-17,2010.45753424658,168,2010,9.01758350192059,8.19803333333333
2010-06-18,2010.4602739726,169,2010,9.0710281485047,8.24911666666667
2010-06-19,2010.46301369863,170,2010,9.21301610499057,8.30120833333333
2010-06-20,2010.46575342466,171,2010,8.92671842384245,8.1765
2010-06-21,2010.46849315068,172,2010,9.25841155622567,8.1273
2010-06-22,2010.47123287671,173,2010,8.49135743067097,7.77694166666667
2010-06-23,2010.47397260274,174,2010,9.01712375855549,8.24475
2010-06-24,2010.47671232877,175,2010,8.85488430766005,8.11483333333333
2010-06-25,2010.47945205479,176,2010,9.25314942409129,7.556
2010-06-26,2010.48219178082,177,2010,9.05384043119991,6.98553333333333
2010-06-27,2010.48493150685,178,2010,8.95611538802168,8.42516666666667
2010-06-28,2010.48767123288,179,2010,9.23749447095755,8.24505
2010-06-29,2010.4904109589,180,2010,8.83633664790338,8.09646666666667
2010-06-30,2010.49315068493,181,2010,9.33074882291011,8.39173333333333
2010-07-01,2010.49589041096,182,2010,9.05984636683388,8.17738333333333
2010-07-02,2010.49863013699,183,2010,9.2677076996058,8.4778
2010-07-03,2010.50136986301,184,2010,9.02334962619311,8.23026666666667
2010-07-04,2010.50410958904,185,2010,8.95195854296671,8.04395
2010-07-05,2010.50684931507,186,2010,9.07953122227197,8.08486666666667
2010-07-06,2010.5095890411,187,2010,8.98060747866835,8.17578333333333
2010-07-07,2010.51232876712,188,2010,9.1278460754953,8.13295
2010-07-08,2010.51506849315,189,2010,8.67631457485881,8.01746666666667
2010-07-09,2010.51780821918,190,2010,8.85017224096532,8.00526666666667
2010-07-10,2010.52054794521,191,2010,8.4806858423868,7.641
2010-07-11,2010.52328767123,192,2010,8.49520954841189,7.29955
2010-07-12,2010.52602739726,193,2010,8.4396007290158,7.59278333333333
2010-07-13,2010.52876712329,194,2010,8.39895829026361,7.81705
2010-07-14,2010.53150684932,195,2010,8.72330203259562,7.88531666666667
2010-07-15,2010.53424657534,196,2010,8.7270973194104,8.07995
2010-07-16,2010.53698630137,197,2010,8.90349105890254,8.10106666666667
2010-07-17,2010.5397260274,198,2010,8.6075128100226,7.86181666666667
2010-07-18,2010.54246575342,199,2010,9.16812745790275,8.2089
2010-07-19,2010.54520547945,200,2010,8.84373493907531,8.14055
2010-07-20,2010.54794520548,201,2010,8.84715874352395,8.13585
2010-07-21,2010.55068493151,202,2010,8.93385848175542,7.76956666666667
2010-07-22,2010.55342465753,203,2010,8.70982572781936,7.93811666666667
2010-07-23,2010.55616438356,204,2010,9.00045128981965,8.06705
2010-07-24,2010.55890410959,205,2010,8.4436020111877,7.80666666666667
2010-07-25,2010.56164383562,206,2010,8.79763322662583,7.67225
2010-07-26,2010.56438356164,207,2010,8.70488098375917,7.8977
2010-07-27,2010.56712328767,208,2010,8.77365968734052,7.82311666666667
2010-07-28,2010.5698630137,209,2010,8.75413122107785,7.67696666666667
2010-07-29,2010.57260273973,210,2010,8.4270519549831,7.72555
2010-07-30,2010.57534246575,211,2010,8.11419099947906,6.99953333333333
2010-08-01,2010.58082191781,213,2010,7.95540405360865,6.85981666666667
2010-08-02,2010.58356164384,214,2010,7.91106433740964,7.15076666666667
2010-08-03,2010.58630136986,215,2010,8.37304564322469,7.32058333333333
2010-08-04,2010.58904109589,216,2010,8.09646950170946,7.30285
2010-08-05,2010.59178082192,217,2010,8.4140609798873,7.71108333333333
2010-08-06,2010.59452054795,218,2010,8.67400659227975,7.59201666666667
2010-08-07,2010.59726027397,219,2010,8.08468406443155,7.37806666666667
2010-08-08,2010.6,220,2010,8.25103207070843,7.29123333333333
2010-08-09,2010.60273972603,221,2010,8.04276031533681,7.3809
2010-08-10,2010.60547945205,222,2010,8.62050497371504,7.51861666666667
2010-08-11,2010.60821917808,223,2010,8.36327989664806,7.68383333333333
2010-08-12,2010.61095890411,224,2010,8.28941001777735,7.35798333333333
2010-08-13,2010.61369863014,225,2010,8.33028113935822,7.65716666666667
2010-08-14,2010.61643835616,226,2010,8.16108103561961,7.47656666666667
2010-08-15,2010.61917808219,227,2010,8.2853128332224,7.33263333333333
2010-08-16,2010.62191780822,228,2010,8.03012024269145,7.29045
2010-08-17,2010.62465753425,229,2010,8.18103837278951,7.20116666666667
2010-08-18,2010.62739726027,230,2010,7.92509926246405,7.03886666666667
2010-08-19,2010.6301369863,231,2010,8.16741872149096,7.0525
2010-08-20,2010.63287671233,232,2010,7.76939699615802,6.92411666666667
2010-08-21,2010.63561643836,233,2010,7.91385261803995,6.96541666666667
2010-08-22,2010.63835616438,234,2010,8.18205288434099,7.2876
2010-08-23,2010.64109589041,235,2010,7.86038021569831,7.15461666666667
2010-08-24,2010.64383561644,236,2010,8.12762121422536,7.10355
2010-08-25,2010.64657534247,237,2010,7.70028795543984,6.98143333333333
2010-08-26,2010.64931506849,238,2010,8.22874800543016,6.9929
2010-08-27,2010.65205479452,239,2010,7.96969567340079,7.14956666666667
2010-08-28,2010.65479452055,240,2010,8.12786805472397,7.15466666666667
2010-08-29,2010.65753424658,241,2010,8.09477960755131,7.27096666666667
2010-08-30,2010.6602739726,242,2010,7.98324902368908,7.17798333333333
2010-08-31,2010.66301369863,243,2010,8.22120961162311,7.25606666666667
2010-09-01,2010.66575342466,244,2010,7.67813199577029,6.94753333333333
2010-09-03,2010.67123287671,246,2010,7.64024679231981,6.82486666666667
2010-09-04,2010.67397260274,247,2010,7.95288163655881,6.82121666666667
2010-09-05,2010.67671232877,248,2010,7.57096057938878,6.72715
2010-09-06,2010.67945205479,249,2010,7.61401550887535,6.82068333333333
2010-09-07,2010.68219178082,250,2010,7.54224146725476,6.44278333333333
2010-09-08,2010.68493150685,251,2010,7.41780231840047,6.40008333333333
2010-09-09,2010.68767123288,252,2010,7.71089423513717,6.69493333333333
2010-09-10,2010.6904109589,253,2010,7.3296281882063,6.60425
2010-09-11,2010.69315068493,254,2010,7.58223753020469,6.63281666666667
2010-09-12,2010.69589041096,255,2010,7.29303108471004,6.74538333333333
2010-09-13,2010.69863013699,256,2010,7.48286691853375,5.64386666666667
2010-09-14,2010.70136986301,257,2010,7.21485601911408,5.71413333333333
2010-09-15,2010.70410958904,258,2010,7.20600337833885,6.50355
2010-09-16,2010.70684931507,259,2010,7.32656550141267,6.29765833333333
2010-09-19,2010.71506849315,262,2010,7.10457281222913,6.39106666666667
2010-09-20,2010.71780821918,263,2010,7.35015192606099,6.12068333333333
2010-09-21,2010.72054794521,264,2010,6.91717179996922,5.85511666666667
2010-09-23,2010.72602739726,266,2010,6.89649238052833,5.78053333333333
2010-09-24,2010.72876712329,267,2010,6.24917752739771,5.40686666666667
2010-09-25,2010.73150684932,268,2010,6.45655304233621,5.02753333333333
2010-09-26,2010.73424657534,269,2010,6.53046763193314,5.6072
2010-09-27,2010.73698630137,270,2010,6.55877803962383,5.64228333333333
2010-09-28,2010.7397260274,271,2010,6.51733527597642,5.61883333333333
2010-09-29,2010.74246575342,272,2010,6.90871518215974,5.83801666666667
2010-09-30,2010.74520547945,273,2010,6.73441830970529,5.56708333333333
2010-10-01,2010.74794520548,274,2010,6.51770255516499,5.5967
2010-10-04,2010.75616438356,277,2010,6.29836024747165,5.35815
2010-10-05,2010.75890410959,278,2010,6.01703754019334,5.27006666666667
2010-10-06,2010.76164383562,279,2010,6.60695241979614,5.68533333333333
2010-10-07,2010.76438356164,280,2010,6.28285481069018,5.57443333333333
2010-10-08,2010.76712328767,281,2010,6.25870991761942,5.38476666666667
2010-10-10,2010.77260273973,283,2010,5.97527838608577,5.04833333333333
2010-10-11,2010.77534246575,284,2010,6.36409862523038,4.96631666666667
2010-10-12,2010.77808219178,285,2010,6.15447724669579,5.43248333333333
2010-10-13,2010.78082191781,286,2010,6.20394235690802,5.227
2010-10-14,2010.78356164384,287,2010,5.88411376272976,5.060175
2010-10-15,2010.78630136986,288,2010,6.07780197641818,5.17055833333333
2010-10-16,2010.78904109589,289,2010,5.79685027923537,4.60685
2010-10-17,2010.79178082192,290,2010,5.40775331179479,4.6625
2010-10-18,2010.79452054795,291,2010,5.83469752761551,4.64601666666667
2010-10-19,2010.79726027397,292,2010,5.55194879146975,4.91635
2010-10-20,2010.8,293,2010,5.6746423920964,4.76046666666667
2010-10-21,2010.80273972603,294,2010,5.48654873346074,4.5708
2010-10-23,2010.80821917808,296,2010,5.4994889061065,4.06913333333333
2010-10-24,2010.81095890411,297,2010,5.40910253069665,4.82366666666667
2010-10-25,2010.81369863014,298,2010,5.604241228671,4.59416666666667
2010-10-26,2010.81643835616,299,2010,5.53366833745935,4.97633333333333
2010-10-27,2010.81917808219,300,2010,5.54953478419178,4.70324166666667
2010-10-28,2010.82191780822,301,2010,5.34141858118935,4.82109166666667
2010-10-31,2010.8301369863,304,2010,5.20869599629444,4.73455
2010-11-02,2010.83561643836,306,2010,5.25354210486112,4.50396666666667
2010-11-03,2010.83835616438,307,2010,5.46478611876744,4.689
2010-11-04,2010.84109589041,308,2010,4.93242308147454,4.4345
2010-11-05,2010.84383561644,309,2010,5.2716605159437,4.37746666666667
2010-11-06,2010.84657534247,310,2010,4.98733557127838,4.16141666666667
2010-11-07,2010.84931506849,311,2010,5.22205941599489,4.28713333333333
2010-11-08,2010.85205479452,312,2010,5.11739855069198,4.35481666666667
2010-11-09,2010.85479452055,313,2010,4.95519394691757,4.21613333333333
2010-11-10,2010.85753424658,314,2010,4.96394564352436,4.03045833333333
2010-11-11,2010.8602739726,315,2010,4.72492488195968,3.99751666666667
2010-11-12,2010.86301369863,316,2010,4.93048539610331,3.95505
2010-11-14,2010.86849315069,318,2010,4.87827384635648,4.09920833333333
2010-11-17,2010.87671232877,321,2010,4.67010055128111,3.72845
2010-11-18,2010.87945205479,322,2010,4.53460527342614,3.73796666666667
2010-11-19,2010.88219178082,323,2010,4.82005298870548,3.87683333333333
2010-11-20,2010.88493150685,324,2010,4.62386922742013,3.95891666666667
2010-11-22,2010.8904109589,326,2010,4.67162531169794,3.92555833333333
2010-11-23,2010.89315068493,327,2010,4.70464607657608,3.60788333333333
2010-11-24,2010.89589041096,328,2010,4.61243139740893,3.7338
2010-11-25,2010.89863013699,329,2010,4.49682542517783,3.80053333333333
2010-11-26,2010.90136986301,330,2010,4.61593421547723,3.63659166666667
2010-11-27,2010.90410958904,331,2010,4.47126779255336,3.78544166666667
2010-11-28,2010.90684931507,332,2010,4.5909503843591,3.692775
2010-11-29,2010.9095890411,333,2010,4.44361280398981,3.54315833333333
2010-11-30,2010.91232876712,334,2010,4.59533905695001,3.92749166666667
2010-12-01,2010.91506849315,335,2010,4.38120204910152,3.94735833333333
2010-12-02,2010.91780821918,336,2010,4.48577174699202,3.97
2010-12-03,2010.92054794521,337,2010,4.45183388575858,3.97358333333333
2010-12-04,2010.92328767123,338,2010,4.28486190043323,3.91496666666667
2010-12-05,2010.92602739726,339,2010,4.46266892887926,3.73355833333333
2010-12-14,2010.95068493151,348,2010,4.30596897039047,3.547575
2010-12-16,2010.95616438356,350,2010,4.24912385320411,3.51508333333333
2010-12-18,2010.96164383562,352,2010,3.3998299637104,3.34049166666667
2010-12-21,2010.9698630137,355,2010,3.66903599524924,3.26024166666667
2010-12-25,2010.98082191781,359,2010,4.22900701907134,3.62585833333333
2010-12-26,2010.98356164384,360,2010,4.00059114940739,3.68398333333333
2010-12-27,2010.98630136986,361,2010,3.97405622861101,3.72918333333333
2010-12-28,2010.98904109589,362,2010,4.20200458681981,3.64548333333333
2011-01-10,2011.02465753425,10,2011,4.3634411248572,3.79434166666667
2011-01-13,2011.03287671233,13,2011,4.54486758687519,3.90706666666667
2011-01-19,2011.04931506849,19,2011,4.44183370309992,3.88146666666667
2011-01-20,2011.05205479452,20,2011,4.54895713684114,3.92523333333333
2011-01-22,2011.05753424658,22,2011,4.78680539492494,4.06345
2011-02-14,2011.12054794521,45,2011,5.88516940523932,3.87798333333333
2011-02-18,2011.13150684931,49,2011,5.98676256048703,5.19675
2011-02-23,2011.14520547945,54,2011,6.10787994849454,5.4724
2011-02-27,2011.15616438356,58,2011,6.22702914461366,5.62778333333333
2011-02-28,2011.15890410959,59,2011,5.70952687211577,5.60153333333333
2011-03-02,2011.16438356164,61,2011,6.38033190356133,5.55626666666667
2011-03-03,2011.16712328767,62,2011,6.29518283342641,5.86103333333333
2011-03-04,2011.1698630137,63,2011,6.57091890675556,5.71966666666667
2011-03-07,2011.17808219178,66,2011,6.11031435302353,5.40821666666667
2011-03-13,2011.19452054795,72,2011,6.92708777858688,5.94145
2011-03-14,2011.19726027397,73,2011,6.9577230891752,6.45661666666667
2011-03-15,2011.2,74,2011,7.09227467787739,6.58383333333333
2011-03-16,2011.20273972603,75,2011,6.76439609631056,6.746175
2011-03-17,2011.20547945205,76,2011,7.12939275834689,6.75014166666667
2011-03-21,2011.21643835616,80,2011,6.88822207468745,6.31005
2011-03-26,2011.2301369863,85,2011,7.53574084759381,6.930475
2011-03-27,2011.23287671233,86,2011,7.6697744039743,6.86975833333333
2011-03-28,2011.23561643836,87,2011,7.40618327332793,6.93428333333333
2011-03-29,2011.23835616438,88,2011,7.7709518894106,6.9619
2011-03-30,2011.24109589041,89,2011,7.63929536076186,6.87008333333333
2011-03-31,2011.24383561644,90,2011,7.33949162193764,6.70205
2011-04-01,2011.24657534247,91,2011,7.111589295624,6.78518333333333
2011-04-02,2011.24931506849,92,2011,6.79718476891685,6.16021666666667
2011-04-07,2011.26301369863,97,2011,7.87134404696285,6.912025
2011-04-10,2011.27123287671,100,2011,7.68491452369658,7.173475
2011-04-11,2011.27397260274,101,2011,7.83516353124532,6.97019166666667
2011-04-13,2011.27945205479,103,2011,7.80270851744999,7.35765
2011-04-14,2011.28219178082,104,2011,8.08865529685582,7.55155
2011-04-15,2011.28493150685,105,2011,8.34948011588417,7.74563333333333
2011-04-16,2011.28767123288,106,2011,7.6188892543566,7.3209
2011-04-17,2011.2904109589,107,2011,7.58833835741802,7.37935833333333
2011-04-18,2011.29315068493,108,2011,7.45991450891598,7.00515
2011-04-20,2011.29863013699,110,2011,8.02877592537344,7.37115
2011-04-23,2011.30684931507,113,2011,8.7672483008959,7.89666666666667
2011-04-24,2011.3095890411,114,2011,8.55939492345012,7.90225
2011-04-25,2011.31232876712,115,2011,8.58618556997012,7.82008333333333
2011-04-26,2011.31506849315,116,2011,8.60771890474122,7.92808333333333
2011-04-29,2011.32328767123,119,2011,8.31138906232997,7.25748333333333
2011-05-01,2011.32876712329,121,2011,8.67892108859688,7.93781666666667
2011-05-02,2011.33150684932,122,2011,8.26425105530538,7.13311666666667
2011-05-03,2011.33424657534,123,2011,8.34774849591473,8.02418333333333
2011-05-07,2011.34520547945,127,2011,8.74626322141276,7.01616666666667
2011-05-08,2011.34794520548,128,2011,8.63913545009947,7.91261666666667
2011-05-09,2011.35068493151,129,2011,8.8758235255308,8.13565
2011-05-10,2011.35342465753,130,2011,9.00452561320381,8.27318333333333
2011-05-11,2011.35616438356,131,2011,9.06649918718389,8.15639166666667
2011-05-13,2011.36164383562,133,2011,8.48647901966273,6.7899
2011-05-16,2011.3698630137,136,2011,8.6544905936521,7.96921666666667
2011-05-18,2011.37534246575,138,2011,7.85666164302135,7.74645
2011-05-19,2011.37808219178,139,2011,8.94878851829332,8.29369166666667
2011-05-21,2011.38356164384,141,2011,9.03660366608515,7.43285
2011-05-22,2011.38630136986,142,2011,8.94575574862939,7.7018
2011-05-23,2011.38904109589,143,2011,9.14069431134859,8.41713333333333
2011-05-24,2011.39178082192,144,2011,8.72518824188041,7.73818333333333
2011-05-26,2011.39726027397,146,2011,9.03138299629826,8.04051666666667
2011-05-27,2011.4,147,2011,8.32971043054382,6.84205
2011-05-28,2011.40273972603,148,2011,8.72678155852837,6.92923333333333
2011-05-29,2011.40547945205,149,2011,8.753046709617,7.99548333333333
2011-05-30,2011.40821917808,150,2011,9.19607997440479,8.35851666666667
2011-05-31,2011.41095890411,151,2011,8.79827059204036,8.31126666666667
2011-06-01,2011.41369863014,152,2011,9.26715574667786,8.53133333333333
2011-06-02,2011.41643835616,153,2011,9.26535229060088,8.46516666666667
2011-06-03,2011.41917808219,154,2011,9.32240878135345,8.52466666666667
2011-06-04,2011.42191780822,155,2011,9.18078751589197,8.52508333333333
2011-06-05,2011.42465753425,156,2011,8.73760016126577,8.11365
2011-06-06,2011.42739726027,157,2011,9.2340937208181,8.46756666666667
2011-06-07,2011.4301369863,158,2011,8.96801695360824,8.34641666666667
2011-06-08,2011.43287671233,159,2011,9.24939637013536,8.49236666666667
2011-06-09,2011.43561643836,160,2011,8.88539356611137,8.43623333333333
2011-06-10,2011.43835616438,161,2011,9.09137132002718,8.24215833333333
2011-06-11,2011.44109589041,162,2011,8.96423267822229,8.54764166666667
2011-06-12,2011.44383561644,163,2011,9.15574087582295,8.47698333333333
2011-06-13,2011.44657534247,164,2011,8.76953079559735,8.50751666666667
2011-06-14,2011.44931506849,165,2011,8.69879293601957,8.12856666666667
2011-06-15,2011.45205479452,166,2011,9.29335685415738,8.45128333333333
2011-06-16,2011.45479452055,167,2011,8.89565614063202,8.46456666666667
2011-06-17,2011.45753424658,168,2011,9.17941845427115,8.43143333333333
2011-06-18,2011.4602739726,169,2011,8.90198253636855,8.58775
2011-06-19,2011.46301369863,170,2011,9.15564399299349,8.4807
2011-06-20,2011.46575342466,171,2011,9.1434258620118,8.58346666666667
2011-06-21,2011.46849315068,172,2011,9.06824160516683,8.45448333333333
2011-06-22,2011.47123287671,173,2011,9.27443054292124,8.6081
2011-06-23,2011.47397260274,174,2011,8.99118617402278,8.50221666666667
2011-06-24,2011.47671232877,175,2011,9.10577735233413,8.44698333333333
2011-06-25,2011.47945205479,176,2011,8.99518442789972,8.48491666666667
2011-06-26,2011.48219178082,177,2011,9.16586166753448,8.38498333333333
2011-06-27,2011.48493150685,178,2011,9.02648400496291,8.36565
2011-06-28,2011.48767123288,179,2011,9.03457244453481,8.46801666666667
2011-06-29,2011.4904109589,180,2011,9.03182910947692,8.40616666666667
2011-06-30,2011.49315068493,181,2011,8.91355813523852,8.42418333333333
2011-07-01,2011.49589041096,182,2011,9.15820366472084,8.5067
2011-07-02,2011.49863013699,183,2011,8.86049160605526,8.3456
2011-07-03,2011.50136986301,184,2011,8.97559502373358,8.32795
2011-07-04,2011.50410958904,185,2011,8.97754770714971,8.40153333333333
2011-07-05,2011.50684931507,186,2011,9.13194705380609,8.48688333333333
2011-07-06,2011.5095890411,187,2011,8.81267555004111,8.24825
2011-07-07,2011.51232876712,188,2011,8.69923689401493,8.14371666666667
2011-07-08,2011.51506849315,189,2011,8.59184198424579,7.94026666666667
2011-07-09,2011.51780821918,190,2011,8.48014826785586,7.80626666666667
2011-07-10,2011.52054794521,191,2011,8.75283185447852,8.1752
2011-07-11,2011.52328767123,192,2011,8.79826501342382,8.36748333333333
2011-07-12,2011.52602739726,193,2011,9.04445911327218,8.2712
2011-07-13,2011.52876712329,194,2011,8.92452735636202,8.37398333333333
2011-07-14,2011.53150684932,195,2011,9.07213734542123,8.477
2011-07-15,2011.53424657534,196,2011,9.14335115459599,8.5159
2011-07-16,2011.53698630137,197,2011,8.86537191123205,8.43293333333333
2011-07-17,2011.5397260274,198,2011,9.01145493227395,8.335
2011-07-18,2011.54246575342,199,2011,8.74329952973377,8.26438333333333
2011-07-19,2011.54520547945,200,2011,8.98545594788127,8.19705
2011-07-20,2011.54794520548,201,2011,8.89195181722165,8.38338333333333
2011-07-21,2011.55068493151,202,2011,9.0006661477994,8.22343333333333
2011-07-22,2011.55342465753,203,2011,8.74407020579587,8.02241666666667
2011-07-23,2011.55616438356,204,2011,8.62352280857115,8.24168333333333
2011-07-24,2011.55890410959,205,2011,8.66855269032432,7.97746666666667
2011-07-25,2011.56164383562,206,2011,8.55259287390549,7.92491666666667
2011-07-26,2011.56438356164,207,2011,8.67178817709513,7.88298333333333
2011-07-27,2011.56712328767,208,2011,8.35847869812131,7.88595
2011-07-28,2011.5698630137,209,2011,8.73411398563029,7.94315
2011-07-29,2011.57260273973,210,2011,8.48152599127396,7.81703333333333
2011-07-30,2011.57534246575,211,2011,8.47462182277417,7.65161666666667
2011-07-31,2011.57808219178,212,2011,8.15153350859594,7.40321666666667
2011-08-01,2011.58082191781,213,2011,8.04965549635452,7.50996666666667
2011-08-02,2011.58356164384,214,2011,8.33287532497221,7.6487
2011-08-03,2011.58630136986,215,2011,8.13241971091184,7.726
2011-08-04,2011.58904109589,216,2011,8.52788621895375,7.87211666666667
2011-08-05,2011.59178082192,217,2011,8.22957928011373,7.73485
2011-08-06,2011.59452054795,218,2011,8.55311731846573,7.79655
2011-08-07,2011.59726027397,219,2011,8.36586710233538,7.94386666666667
2011-08-08,2011.6,220,2011,8.31740200149334,7.82078333333333
2011-08-09,2011.60273972603,221,2011,8.60866089894959,7.8992
2011-08-10,2011.60547945205,222,2011,8.25122089073145,7.79081666666667
2011-08-11,2011.60821917808,223,2011,8.60585683161126,7.89796666666667
2011-08-12,2011.61095890411,224,2011,8.26001008010747,7.79341666666667
2011-08-13,2011.61369863014,225,2011,8.50302709016942,7.75736666666667
2011-08-14,2011.61643835616,226,2011,7.93286346060838,7.07155
2011-08-15,2011.61917808219,227,2011,8.29479130581199,7.4974
2011-08-16,2011.62191780822,228,2011,8.1850836120056,7.65116666666667
2011-08-17,2011.62465753425,229,2011,8.15199907764452,7.6403
2011-08-18,2011.62739726027,230,2011,8.27346126928514,7.49785
2011-08-19,2011.6301369863,231,2011,8.02051453081022,7.64078333333333
2011-08-20,2011.63287671233,232,2011,8.21112485623376,7.4364
2011-08-21,2011.63561643836,233,2011,7.96126660670953,7.39596666666667
2011-08-22,2011.63835616438,234,2011,8.24278977942869,7.32306666666667
2011-08-23,2011.64109589041,235,2011,8.07455225855394,7.39656666666667
2011-08-24,2011.64383561644,236,2011,7.94936951899587,7.3052
2011-08-25,2011.64657534247,237,2011,8.23083274023564,7.46048333333333
2011-08-26,2011.64931506849,238,2011,7.91154339481342,7.3788
2011-08-27,2011.65205479452,239,2011,8.19000466014789,7.39076666666667
2011-08-28,2011.65479452055,240,2011,7.80288298578492,7.31545
2011-08-29,2011.65753424658,241,2011,8.08367779713246,7.27141666666667
2011-08-30,2011.6602739726,242,2011,7.75925526614091,6.93426666666667
2011-08-31,2011.66301369863,243,2011,7.62684617732721,6.6668
2011-09-01,2011.66575342466,244,2011,7.4301643023336,6.21141666666667
2011-09-02,2011.66849315068,245,2011,7.65794096298223,7.0454
2011-09-03,2011.67123287671,246,2011,7.88137533599095,7.0372
2011-09-04,2011.67397260274,247,2011,7.53309553157728,7.0275
2011-09-05,2011.67671232877,248,2011,7.72124810757453,7.04038333333333
2011-09-06,2011.67945205479,249,2011,7.22594425142864,6.37551666666667
2011-09-07,2011.68219178082,250,2011,7.68853773775618,6.80481666666667
2011-09-08,2011.68493150685,251,2011,7.50578072792028,6.85646666666667
2011-09-09,2011.68767123288,252,2011,7.18766380115433,6.32501666666667
2011-09-10,2011.6904109589,253,2011,7.44871032845547,6.409
2011-09-11,2011.69315068493,254,2011,7.22180057722046,6.6841
2011-09-12,2011.69589041096,255,2011,7.39088286044511,6.55773333333333
2011-09-13,2011.69863013699,256,2011,7.20458707334394,6.69188333333333
2011-09-14,2011.70136986301,257,2011,7.46594274176621,6.5844
2011-09-15,2011.70410958904,258,2011,7.20678428740224,6.49465
2011-09-16,2011.70684931507,259,2011,7.35324767781114,6.46091666666667
2011-09-17,2011.7095890411,260,2011,7.19419878134989,6.4962
2011-09-18,2011.71232876712,261,2011,6.99490158966656,6.27215
2011-09-19,2011.71506849315,262,2011,7.15296341370361,6.31541666666667
2011-09-20,2011.71780821918,263,2011,6.93621560298878,6.25735
2011-09-21,2011.72054794521,264,2011,7.12418207831045,6.33946666666667
2011-09-22,2011.72328767123,265,2011,6.87686842573146,6.51006666666667
2011-09-23,2011.72602739726,266,2011,6.58329298108181,5.62221666666667
2011-09-25,2011.73150684932,268,2011,6.72575693824908,5.62281666666667
2011-09-26,2011.73424657534,269,2011,6.81720570360135,5.93131666666667
2011-09-27,2011.73698630137,270,2011,6.6127088160852,5.97808333333333
2011-09-28,2011.7397260274,271,2011,6.21919392624109,5.94738333333333
2011-09-29,2011.74246575342,272,2011,5.63555728440882,5.87575
2011-09-30,2011.74520547945,273,2011,6.65476997968816,5.93195
2011-10-01,2011.74794520548,274,2011,6.36011106976251,5.29016666666667
2011-10-02,2011.75068493151,275,2011,6.59100181263673,5.84371666666667
2011-10-03,2011.75342465753,276,2011,6.50633362225081,5.70801666666667
2011-10-04,2011.75616438356,277,2011,6.25332879825414,5.83265
2011-10-05,2011.75890410959,278,2011,6.48407286821407,5.69395
2011-10-06,2011.76164383562,279,2011,6.15979070159016,5.50338333333333
2011-10-07,2011.76438356164,280,2011,6.37724564784585,5.7211
2011-10-08,2011.76712328767,281,2011,5.91091615437564,5.40255833333333
2011-10-09,2011.7698630137,282,2011,6.26190011373001,5.61358333333333
2011-10-10,2011.77260273973,283,2011,6.08165246516883,5.54233333333333
2011-10-11,2011.77534246575,284,2011,5.99727916244317,5.29630833333333
2011-10-12,2011.77808219178,285,2011,5.55008760066974,4.824025
2011-10-13,2011.78082191781,286,2011,5.9243375364349,5.37518333333333
2011-10-14,2011.78356164384,287,2011,6.16308899454532,5.32555
2011-10-15,2011.78630136986,288,2011,5.74503288083853,5.23616666666667
2011-10-16,2011.78904109589,289,2011,5.89484068678235,5.08781666666667
2011-10-17,2011.79178082192,290,2011,5.65104894629875,4.99825
2011-10-18,2011.79452054795,291,2011,5.90128874946075,5.23003333333333
2011-10-19,2011.79726027397,292,2011,5.72992153686527,4.44566666666667
2011-10-20,2011.8,293,2011,5.67482794136748,5.23823333333333
2011-10-21,2011.80273972603,294,2011,4.98366318292349,4.34991666666667
2011-10-22,2011.80547945205,295,2011,4.8851253427563,4.55711666666667
2011-10-23,2011.80821917808,296,2011,5.28658966652031,4.75825
2011-10-24,2011.81095890411,297,2011,5.17992555304027,4.60026666666667
2011-10-26,2011.81643835616,299,2011,5.33990445440201,4.4572
2011-10-27,2011.81917808219,300,2011,5.09766391376367,4.37728333333333
2011-10-31,2011.8301369863,304,2011,5.18843709985556,4.65573333333333
2011-11-01,2011.83287671233,305,2011,5.43054301121113,4.68436666666667
2011-11-02,2011.83561643836,306,2011,5.26370370106889,4.58413333333333
2011-11-08,2011.85205479452,312,2011,5.24221193365161,4.28655
2011-11-09,2011.85479452055,313,2011,4.99958138248717,4.4505
2011-11-11,2011.8602739726,315,2011,4.96676992200772,4.25251666666667
2011-11-12,2011.86301369863,316,2011,4.6468756562244,4.19843333333333
2011-11-13,2011.86575342466,317,2011,4.79503995460423,4.12113333333333
2011-11-15,2011.87123287671,319,2011,4.88430277841203,4.2783
2011-11-22,2011.8904109589,326,2011,4.75385897860459,3.84378333333333
2011-11-26,2011.90136986301,330,2011,4.59582389511317,3.77326666666667
2011-11-28,2011.90684931507,332,2011,4.29165022068773,3.7918
2011-11-29,2011.9095890411,333,2011,4.56660513149722,3.84023333333333
2011-12-01,2011.91506849315,335,2011,4.46855664674347,3.68176666666667
2011-12-03,2011.92054794521,337,2011,4.42038497298665,3.699825
2011-12-05,2011.92602739726,339,2011,4.37819301624007,3.79205
2011-12-06,2011.92876712329,340,2011,4.21478290692561,3.61113333333333
2011-12-07,2011.93150684932,341,2011,4.11803225628771,3.60131666666667
2011-12-08,2011.93424657534,342,2011,4.32139782796809,3.56715
2011-12-10,2011.9397260274,344,2011,4.42988052410364,3.50856666666667
2011-12-12,2011.94520547945,346,2011,4.29481466147437,3.68335
2011-12-17,2011.95890410959,351,2011,4.28365968188168,3.6079
2011-12-19,2011.96438356164,353,2011,3.96286994248366,3.33181666666667
2011-12-22,2011.97260273973,356,2011,3.98320217053692,3.16085
2011-12-24,2011.97808219178,358,2011,4.14578030169424,3.50973333333333
2011-12-28,2011.98904109589,362,2011,4.28441624054758,3.6002
2011-12-29,2011.99178082192,363,2011,4.05847778498592,3.58556666666667
